100
0 1 908
1 2 968
2 3 463
3 4 510
4 5 286
5 6 577
6 7 937
7 8 919
8 9 293
9 10 707
10 11 867
11 12 101
12 13 895
13 14 945
14 15 963
15 16 215
16 17 402
17 18 455
18 19 957
19 20 235
20 21 6
21 22 980
22 23 841
23 24 816
24 25 11
25 26 972
26 27 139
27 28 156
28 29 218
29 30 32
30 31 922
31 32 126
32 33 999
33 34 736
34 35 987
35 36 284
36 37 312
37 38 923
38 39 554
39 40 956
40 41 981
41 42 420
42 43 56
43 44 875
44 45 717
45 46 371
46 47 90
47 48 118
48 49 177
49 50 46
50 51 704
51 52 182
52 53 378
53 54 896
54 55 350
55 56 388
56 57 867
57 58 840
58 59 895
59 60 437
60 61 871
61 62 168
62 63 562
63 64 869
64 65 903
65 66 900
66 67 505
67 68 567
68 69 822
69 70 58
70 71 522
71 72 154
72 73 830
73 74 578
74 75 29
75 76 546
76 77 300
77 78 470
78 79 663
79 80 828
80 81 867
81 82 718
82 83 9
83 84 596
84 85 613
85 86 710
86 87 983
87 88 479
88 89 550
89 90 229
90 91 267
91 92 772
92 93 748
93 94 180
94 95 641
95 96 651
96 97 79
97 98 497
98 99 217
99 5 9
53 34 18
33 31 17
54 45 4
72 62 5
68 74 6
2 5 15
31 71 19
78 51 19
80 29 7
48 81 4
38 86 11
56 71 2
26 25 3
70 97 2
27 17 9
94 20 14
61 51 17
0 81 3
31 14 2
10 62 3
95 52 1
18 9 12
72 35 9
72 57 6
35 37 4
24 83 16
70 44 19
39 97 3
60 80 6
62 91 1
97 38 13
18 8 14
10 80 1
79 53 11
97 40 8
33 16 11
89 38 7
48 77 16
41 37 17
99 51 3
20 48 10
94 18 18
80 28 10
2 59 15
33 9 15
1 42 3
4 84 1
3 84 11
0 77 3
29 77 12
49 97 12
11 43 11
29 24 19
31 26 11
87 59 3
34 12 14
98 68 10
51 71 7
82 71 4
3 0 1
75 1 11
99 12 14
90 93 10
62 77 16
93 64 7
85 98 11
71 96 19
42 48 11
49 82 2
85 85 15
10 12 13
16 2 18
47 64 15
55 9 19
75 94 18
6 18 6
6 60 6
77 61 9
71 98 6
18 97 19
67 59 11
32 76 13
90 75 10
26 82 19
77 57 6
75 64 4
74 70 16
72 99 9
1 70 7
68 41 17
47 8 16
90 92 4
35 82 19
45 8 2
17 86 19
35 13 15
71 39 5
19 12 4
28 65 7
87 33 8