1000
0 1 830
1 2 716
2 3 61
3 4 547
4 5 388
5 6 224
6 7 415
7 8 978
8 9 203
9 10 636
10 11 411
11 12 523
12 13 439
13 14 6
14 15 741
15 16 26
16 17 85
17 18 363
18 19 155
19 20 118
20 21 404
21 22 867
22 23 582
23 24 101
24 25 445
25 26 149
26 27 460
27 28 683
28 29 285
29 30 192
30 31 453
31 32 114
32 33 260
33 34 513
34 35 12
35 36 647
36 37 736
37 38 426
38 39 625
39 40 290
40 41 413
41 42 387
42 43 164
43 44 204
44 45 744
45 46 905
46 47 229
47 48 828
48 49 267
49 50 735
50 51 297
51 52 670
52 53 601
53 54 878
54 55 770
55 56 45
56 57 379
57 58 582
58 59 80
59 60 663
60 61 125
61 62 532
62 63 128
63 64 736
64 65 396
65 66 139
66 67 735
67 68 483
68 69 916
69 70 359
70 71 773
71 72 329
72 73 97
73 74 936
74 75 532
75 76 840
76 77 192
77 78 760
78 79 19
79 80 459
80 81 847
81 82 315
82 83 480
83 84 447
84 85 545
85 86 602
86 87 844
87 88 923
88 89 183
89 90 275
90 91 937
91 92 307
92 93 158
93 94 416
94 95 395
95 96 553
96 97 554
97 98 129
98 99 35
99 100 821
100 101 839
101 102 159
102 103 149
103 104 935
104 105 447
105 106 680
106 107 126
107 108 638
108 109 792
109 110 496
110 111 96
111 112 990
112 113 810
113 114 928
114 115 788
115 116 706
116 117 529
117 118 631
118 119 980
119 120 63
120 121 257
121 122 268
122 123 721
123 124 414
124 125 683
125 126 115
126 127 318
127 128 588
128 129 243
129 130 353
130 131 409
131 132 81
132 133 863
133 134 909
134 135 15
135 136 309
136 137 941
137 138 492
138 139 947
139 140 84
140 141 987
141 142 394
142 143 73
143 144 149
144 145 321
145 146 860
146 147 206
147 148 201
148 149 843
149 150 186
150 151 263
151 152 99
152 153 805
153 154 984
154 155 865
155 156 488
156 157 450
157 158 182
158 159 427
159 160 693
160 161 886
161 162 835
162 163 773
163 164 101
164 165 96
165 166 140
166 167 409
167 168 36
168 169 983
169 170 707
170 171 119
171 172 970
172 173 101
173 174 191
174 175 470
175 176 773
176 177 402
177 178 675
178 179 974
179 180 244
180 181 212
181 182 588
182 183 695
183 184 17
184 185 923
185 186 559
186 187 856
187 188 373
188 189 92
189 190 282
190 191 65
191 192 330
192 193 469
193 194 189
194 195 430
195 196 564
196 197 680
197 198 838
198 199 599
199 200 663
200 201 897
201 202 717
202 203 984
203 204 997
204 205 259
205 206 453
206 207 121
207 208 660
208 209 479
209 210 94
210 211 904
211 212 691
212 213 34
213 214 950
214 215 59
215 216 956
216 217 508
217 218 914
218 219 680
219 220 951
220 221 195
221 222 744
222 223 280
223 224 663
224 225 285
225 226 61
226 227 226
227 228 964
228 229 251
229 230 176
230 231 626
231 232 147
232 233 244
233 234 961
234 235 495
235 236 502
236 237 413
237 238 615
238 239 162
239 240 244
240 241 61
241 242 417
242 243 286
243 244 94
244 245 718
245 246 344
246 247 401
247 248 225
248 249 257
249 250 81
250 251 527
251 252 803
252 253 824
253 254 159
254 255 818
255 256 460
256 257 219
257 258 395
258 259 424
259 260 469
260 261 571
261 262 401
262 263 615
263 264 814
264 265 362
265 266 109
266 267 668
267 268 126
268 269 76
269 270 181
270 271 369
271 272 136
272 273 597
273 274 654
274 275 229
275 276 314
276 277 349
277 278 629
278 279 890
279 280 957
280 281 709
281 282 768
282 283 760
283 284 885
284 285 926
285 286 929
286 287 344
287 288 145
288 289 323
289 290 767
290 291 965
291 292 245
292 293 520
293 294 932
294 295 411
295 296 881
296 297 392
297 298 78
298 299 6
299 300 467
300 301 258
301 302 727
302 303 602
303 304 206
304 305 732
305 306 830
306 307 871
307 308 81
308 309 811
309 310 760
310 311 37
311 312 519
312 313 879
313 314 148
314 315 403
315 316 805
316 317 76
317 318 99
318 319 301
319 320 399
320 321 865
321 322 265
322 323 995
323 324 384
324 325 548
325 326 405
326 327 616
327 328 940
328 329 482
329 330 974
330 331 406
331 332 739
332 333 700
333 334 360
334 335 944
335 336 431
336 337 189
337 338 814
338 339 511
339 340 999
340 341 925
341 342 900
342 343 870
343 344 804
344 345 47
345 346 624
346 347 960
347 348 475
348 349 722
349 350 260
350 351 873
351 352 939
352 353 876
353 354 219
354 355 674
355 356 424
356 357 624
357 358 290
358 359 715
359 360 105
360 361 263
361 362 120
362 363 196
363 364 314
364 365 479
365 366 491
366 367 744
367 368 20
368 369 305
369 370 607
370 371 370
371 372 581
372 373 506
373 374 591
374 375 736
375 376 904
376 377 215
377 378 47
378 379 378
379 380 288
380 381 658
381 382 602
382 383 226
383 384 534
384 385 821
385 386 900
386 387 309
387 388 444
388 389 541
389 390 23
390 391 900
391 392 803
392 393 494
393 394 95
394 395 116
395 396 325
396 397 938
397 398 211
398 399 696
399 400 242
400 401 817
401 402 417
402 403 174
403 404 674
404 405 8
405 406 910
406 407 930
407 408 222
408 409 308
409 410 307
410 411 509
411 412 966
412 413 909
413 414 87
414 415 499
415 416 81
416 417 986
417 418 159
418 419 876
419 420 878
420 421 533
421 422 127
422 423 32
423 424 378
424 425 574
425 426 147
426 427 54
427 428 511
428 429 709
429 430 749
430 431 104
431 432 878
432 433 518
433 434 277
434 435 551
435 436 525
436 437 538
437 438 480
438 439 98
439 440 846
440 441 139
441 442 958
442 443 811
443 444 399
444 445 44
445 446 661
446 447 479
447 448 381
448 449 819
449 450 706
450 451 258
451 452 703
452 453 832
453 454 289
454 455 80
455 456 405
456 457 787
457 458 486
458 459 915
459 460 848
460 461 586
461 462 18
462 463 725
463 464 103
464 465 647
465 466 275
466 467 979
467 468 184
468 469 107
469 470 76
470 471 381
471 472 597
472 473 34
473 474 191
474 475 995
475 476 429
476 477 203
477 478 825
478 479 162
479 480 21
480 481 530
481 482 771
482 483 75
483 484 361
484 485 60
485 486 507
486 487 118
487 488 198
488 489 992
489 490 384
490 491 45
491 492 577
492 493 754
493 494 769
494 495 32
495 496 400
496 497 396
497 498 10
498 499 935
499 500 854
500 501 86
501 502 316
502 503 450
503 504 471
504 505 858
505 506 444
506 507 251
507 508 61
508 509 268
509 510 412
510 511 433
511 512 149
512 513 183
513 514 508
514 515 861
515 516 594
516 517 366
517 518 978
518 519 791
519 520 357
520 521 714
521 522 188
522 523 285
523 524 467
524 525 308
525 526 316
526 527 218
527 528 55
528 529 326
529 530 504
530 531 908
531 532 763
532 533 171
533 534 357
534 535 233
535 536 29
536 537 152
537 538 483
538 539 441
539 540 771
540 541 247
541 542 873
542 543 919
543 544 429
544 545 732
545 546 132
546 547 22
547 548 97
548 549 109
549 550 164
550 551 805
551 552 174
552 553 703
553 554 90
554 555 992
555 556 11
556 557 757
557 558 209
558 559 65
559 560 82
560 561 65
561 562 325
562 563 196
563 564 235
564 565 33
565 566 428
566 567 263
567 568 185
568 569 263
569 570 55
570 571 307
571 572 509
572 573 928
573 574 578
574 575 289
575 576 11
576 577 709
577 578 310
578 579 108
579 580 169
580 581 825
581 582 264
582 583 343
583 584 528
584 585 353
585 586 334
586 587 890
587 588 110
588 589 895
589 590 954
590 591 543
591 592 959
592 593 630
593 594 739
594 595 545
595 596 663
596 597 518
597 598 160
598 599 199
599 600 132
600 601 214
601 602 505
602 603 640
603 604 141
604 605 82
605 606 280
606 607 504
607 608 790
608 609 589
609 610 963
610 611 311
611 612 766
612 613 226
613 614 653
614 615 293
615 616 931
616 617 338
617 618 534
618 619 392
619 620 232
620 621 487
621 622 934
622 623 542
623 624 469
624 625 24
625 626 87
626 627 131
627 628 894
628 629 598
629 630 329
630 631 25
631 632 811
632 633 185
633 634 17
634 635 304
635 636 619
636 637 296
637 638 807
638 639 760
639 640 237
640 641 769
641 642 70
642 643 2
643 644 346
644 645 722
645 646 646
646 647 276
647 648 60
648 649 179
649 650 667
650 651 643
651 652 17
652 653 953
653 654 537
654 655 485
655 656 328
656 657 975
657 658 967
658 659 221
659 660 572
660 661 295
661 662 246
662 663 734
663 664 832
664 665 262
665 666 37
666 667 450
667 668 909
668 669 843
669 670 209
670 671 145
671 672 963
672 673 631
673 674 146
674 675 309
675 676 352
676 677 143
677 678 584
678 679 763
679 680 321
680 681 251
681 682 758
682 683 690
683 684 555
684 685 646
685 686 174
686 687 882
687 688 620
688 689 141
689 690 103
690 691 543
691 692 787
692 693 700
693 694 276
694 695 970
695 696 313
696 697 665
697 698 419
698 699 221
699 700 507
700 701 980
701 702 718
702 703 470
703 704 610
704 705 863
705 706 778
706 707 313
707 708 358
708 709 713
709 710 428
710 711 678
711 712 315
712 713 185
713 714 367
714 715 869
715 716 830
716 717 893
717 718 103
718 719 801
719 720 385
720 721 557
721 722 695
722 723 171
723 724 256
724 725 322
725 726 141
726 727 920
727 728 986
728 729 911
729 730 492
730 731 845
731 732 242
732 733 209
733 734 314
734 735 851
735 736 72
736 737 443
737 738 516
738 739 781
739 740 507
740 741 943
741 742 458
742 743 822
743 744 479
744 745 177
745 746 42
746 747 660
747 748 421
748 749 144
749 750 460
750 751 805
751 752 52
752 753 506
753 754 327
754 755 307
755 756 179
756 757 819
757 758 578
758 759 165
759 760 82
760 761 70
761 762 9
762 763 323
763 764 278
764 765 674
765 766 526
766 767 701
767 768 468
768 769 41
769 770 481
770 771 974
771 772 335
772 773 291
773 774 147
774 775 813
775 776 819
776 777 189
777 778 472
778 779 591
779 780 684
780 781 283
781 782 395
782 783 736
783 784 788
784 785 73
785 786 394
786 787 318
787 788 892
788 789 972
789 790 482
790 791 325
791 792 393
792 793 842
793 794 647
794 795 22
795 796 867
796 797 172
797 798 723
798 799 686
799 800 564
800 801 555
801 802 12
802 803 898
803 804 197
804 805 158
805 806 710
806 807 15
807 808 698
808 809 181
809 810 957
810 811 382
811 812 463
812 813 351
813 814 117
814 815 602
815 816 776
816 817 862
817 818 920
818 819 19
819 820 185
820 821 753
821 822 343
822 823 577
823 824 947
824 825 989
825 826 599
826 827 813
827 828 513
828 829 673
829 830 851
830 831 76
831 832 579
832 833 862
833 834 326
834 835 776
835 836 371
836 837 35
837 838 142
838 839 69
839 840 568
840 841 99
841 842 450
842 843 382
843 844 801
844 845 918
845 846 336
846 847 576
847 848 131
848 849 255
849 850 946
850 851 316
851 852 359
852 853 288
853 854 244
854 855 305
855 856 277
856 857 842
857 858 470
858 859 141
859 860 866
860 861 672
861 862 568
862 863 445
863 864 533
864 865 893
865 866 572
866 867 903
867 868 280
868 869 713
869 870 971
870 871 199
871 872 163
872 873 772
873 874 580
874 875 964
875 876 41
876 877 915
877 878 891
878 879 172
879 880 521
880 881 837
881 882 839
882 883 232
883 884 476
884 885 82
885 886 536
886 887 104
887 888 276
888 889 357
889 890 244
890 891 141
891 892 28
892 893 812
893 894 585
894 895 912
895 896 56
896 897 508
897 898 815
898 899 687
899 900 221
900 901 137
901 902 885
902 903 383
903 904 261
904 905 817
905 906 698
906 907 301
907 908 83
908 909 941
909 910 824
910 911 604
911 912 129
912 913 662
913 914 835
914 915 604
915 916 744
916 917 722
917 918 708
918 919 19
919 920 431
920 921 951
921 922 511
922 923 458
923 924 114
924 925 448
925 926 370
926 927 522
927 928 955
928 929 536
929 930 208
930 931 527
931 932 672
932 933 93
933 934 262
934 935 932
935 936 909
936 937 959
937 938 585
938 939 991
939 940 251
940 941 408
941 942 946
942 943 379
943 944 422
944 945 132
945 946 983
946 947 517
947 948 854
948 949 42
949 950 887
950 951 284
951 952 992
952 953 397
953 954 93
954 955 458
955 956 196
956 957 462
957 958 979
958 959 151
959 960 349
960 961 186
961 962 677
962 963 21
963 964 630
964 965 938
965 966 304
966 967 890
967 968 249
968 969 888
969 970 881
970 971 499
971 972 648
972 973 178
973 974 230
974 975 421
975 976 310
976 977 564
977 978 937
978 979 515
979 980 605
980 981 175
981 982 798
982 983 948
983 984 571
984 985 242
985 986 405
986 987 119
987 988 56
988 989 735
989 990 269
990 991 404
991 992 273
992 993 945
993 994 424
994 995 902
995 996 235
996 997 728
997 998 792
998 999 483
966 23 12
965 200 1
385 509 4
673 23 8
847 172 16
770 414 12
888 821 7
508 224 19
452 648 12
38 727 3
520 45 18
205 11 19
766 748 3
891 422 16
971 621 3
999 391 6
432 631 7
951 139 12
390 944 12
434 982 19
270 855 16
128 60 19
539 178 8
460 69 2
108 393 3
928 392 15
867 176 18
274 127 18
258 869 2
890 304 16
601 574 3
358 54 3
477 594 2
697 406 3
339 514 16
603 794 1
610 661 17
248 288 17
378 546 6
100 789 2
509 390 8
772 100 3
448 578 17
950 275 3
225 615 9
894 570 15
955 180 9
544 428 17
613 807 15
200 259 4
794 120 15
963 893 7
186 693 5
355 643 13
930 220 3
371 114 10
606 421 10
855 318 10
744 931 9
180 483 1
756 630 1
723 593 6
791 131 19
788 486 14
61 768 15
653 139 1
463 97 3
805 953 13
928 49 16
857 229 3
398 338 10
412 61 15
318 852 6
918 993 4
864 54 4
679 60 3
313 875 3
368 33 5
741 961 15
397 170 16
889 921 14
11 333 8
78 651 12
924 921 5
960 786 12
764 817 12
59 130 7
100 850 3
797 591 13
544 341 4
521 582 5
187 946 18
267 24 1
200 301 3
125 613 1
457 378 10
201 437 1
821 889 3
121 39 7
87 583 8
871 456 2
928 996 3
966 263 5
359 463 18
322 941 11
775 750 1
46 952 11
799 773 12
402 246 11
949 333 7
189 556 3
364 484 19
484 802 15
981 162 18
779 836 11
543 612 2
684 658 6
967 809 11
140 211 9
351 513 3
498 702 11
454 418 8
405 903 10
620 236 4
651 16 1
622 911 5
344 947 15
722 915 4
873 55 7
623 758 3
58 609 15
401 415 13
229 820 8
212 441 5
356 444 13
689 66 4
634 763 3
589 485 18
705 711 5
385 334 16
225 392 17
472 145 12
138 375 4
58 587 17
863 943 1
388 633 8
824 619 11
208 561 8
858 266 19
916 651 5
84 229 9
861 53 15
405 543 10
769 602 17
927 817 12
528 206 17
196 382 17
979 942 10
600 153 16
579 69 3
245 153 1
654 366 14
561 771 18
491 540 12
360 467 1
173 996 19
322 544 2
739 876 4
69 828 17
18 407 18
970 4 3
151 11 9
737 572 3
867 416 1
599 776 8
501 949 16
960 272 13
154 363 1
939 785 9
228 155 8
939 125 5
802 628 16
32 365 3
32 233 16
573 184 13
934 685 14
642 998 18
247 152 14
728 443 11
389 24 6
458 963 3
235 765 11
671 149 16
383 182 9
512 107 14
417 393 11
623 36 1
102 635 14
648 716 9
979 105 13
817 915 8
780 150 6
371 173 15
327 909 17
869 421 5
243 838 18
6 461 6
768 915 2
34 915 10
743 894 15
829 711 3
877 491 5
43 214 19
711 542 3
208 411 1
165 6 11
516 364 4
902 132 3
276 518 15
366 614 2
914 443 5
729 672 9
694 68 3
185 779 17
585 987 3
406 505 18
769 21 3
594 275 7
686 904 6
693 270 3
595 536 15
913 265 7
722 960 7
97 145 6
15 83 6
47 489 11
86 611 4
489 205 19
728 891 3
134 936 6
506 532 2
321 797 3
161 871 12
68 968 9
755 335 12
133 383 14
664 469 5
568 310 10
99 38 13
183 525 9
241 31 13
835 705 10
695 218 13
867 638 2
537 745 9
641 878 4
235 894 13
440 462 15
202 914 14
207 97 11
797 338 14
622 173 19
245 221 9
738 440 8
552 329 13
702 971 12
586 206 6
292 999 1
307 201 15
713 409 4
644 558 14
959 180 19
330 777 3
920 516 1
500 420 10
677 61 3
776 705 19
689 364 12
164 430 13
440 426 11
54 385 4
193 68 1
906 340 9
59 840 10
541 665 4
995 695 17
655 823 2
666 512 19
878 28 1
852 468 7
735 874 5
799 419 13
641 677 13
350 736 5
832 278 2
437 273 9
454 280 12
529 946 4
320 176 4
541 28 4
188 764 18
573 563 10
26 556 7
171 259 16
508 91 14
863 880 19
912 335 19
137 864 17
873 536 13
638 77 14
222 265 18
33 839 13
263 217 2
522 741 1
518 601 4
144 464 5
43 729 12
574 866 8
403 739 4
57 729 1
91 952 6
241 337 17
306 952 7
928 474 8
161 345 9
838 489 6
395 533 7
287 459 13
395 863 4
39 272 14
112 715 18
450 308 15
628 614 19
727 895 13
215 408 10
656 246 3
914 641 5
901 280 4
106 27 19
51 66 11
77 530 6
55 981 14
722 961 1
341 688 16
786 255 16
929 263 3
209 530 16
374 431 9
350 890 16
190 293 15
301 370 5
480 777 18
966 499 19
419 192 19
415 330 14
524 259 10
527 820 3
875 194 3
856 545 5
513 87 18
588 740 8
545 220 5
484 539 16
735 958 3
675 726 11
221 250 2
383 129 3
75 356 9
199 213 6
564 726 13
575 666 14
603 563 6
761 47 17
417 135 8
618 810 14
501 383 16
643 767 5
958 842 13
468 393 6
226 310 4
720 885 10
306 840 6
464 601 13
162 19 8
170 989 10
256 490 14
592 485 13
409 444 7
582 264 1
321 490 11
785 562 8
268 220 8
314 685 10
759 199 1
340 721 10
730 329 12
856 273 17
101 682 13
189 616 9
670 937 12
813 75 14
841 695 15
709 9 12
531 120 11
372 460 4
554 543 13
226 751 6
384 853 3
689 42 8
259 64 6
671 229 13
997 70 8
544 131 9
776 663 9
559 387 2
415 942 5
248 168 16
706 904 9
846 946 3
307 205 19
705 228 8
178 577 10
698 122 2
227 898 17
228 810 16
690 225 18
47 826 19
804 532 15
765 731 1
121 38 18
540 743 6
541 273 4
611 971 6
165 550 16
734 130 6
691 821 4
941 868 10
712 24 2
388 142 5
9 263 15
188 155 18
946 696 3
930 308 6
388 825 16
97 560 7
263 603 3
359 544 3
929 257 17
384 997 19
569 6 2
145 546 17
815 493 14
111 775 14
377 164 19
546 261 11
493 876 14
965 236 11
657 517 3
374 901 17
233 471 3
355 968 10
633 135 15
959 598 10
945 976 14
404 522 7
776 367 16
750 332 4
621 989 1
101 364 3
930 949 6
414 305 6
796 290 13
23 601 12
673 546 8
840 950 2
619 78 9
275 181 13
871 154 14
633 608 10
648 538 3
486 304 5
644 100 7
937 475 8
181 149 14
401 989 16
143 608 15
604 236 16
397 107 2
532 92 10
734 740 9
534 578 13
991 222 6
738 512 1
86 693 10
332 95 11
881 590 12
156 195 8
964 592 7
926 476 3
497 563 12
958 97 3
371 89 5
237 179 17
931 266 11
421 950 18
605 831 8
397 339 3
777 655 8
616 934 16
548 783 19
573 741 9
176 112 18
1 702 17
691 633 15
74 406 18
552 363 1
972 760 1
588 889 8
148 506 2
536 54 5
136 627 18
537 803 3
675 157 17
344 848 10
632 274 8
870 826 12
291 150 4
404 738 14
173 886 12
227 423 6
713 911 6
643 448 1
686 475 10
783 171 10
865 803 4
354 25 2
558 669 13
522 425 3
376 950 10
440 178 5
207 243 8
305 886 16
206 925 3
969 708 14
579 926 10
464 280 7
526 190 16
91 712 2
395 441 12
937 881 2
902 440 5
482 745 4
158 304 9
13 273 17
39 204 15
869 668 7
77 547 17
305 638 2
959 33 3
564 322 16
346 576 9
372 58 6
636 568 2
177 581 7
426 621 12
602 842 3
409 919 19
407 225 18
469 184 3
324 748 6
412 447 2
941 819 13
920 807 1
202 984 3
110 410 16
222 364 18
354 774 18
34 533 15
352 354 11
407 30 12
785 442 19
740 736 10
753 656 9
334 858 5
849 320 7
985 542 12
316 897 6
214 283 11
41 987 5
52 394 15
516 532 9
75 272 17
805 377 13
46 63 4
271 913 4
259 250 7
611 566 16
89 132 19
100 525 18
817 578 12
564 94 16
753 522 8
31 679 17
316 726 1
460 997 6
277 256 8
636 219 15
244 308 19
135 760 5
13 577 15
285 141 1
794 247 3
222 278 15
732 946 1
953 759 10
791 36 7
879 24 6
886 268 7
26 403 7
43 416 5
638 53 18
31 847 5
947 422 15
542 506 2
863 459 13
533 602 1
812 481 5
311 720 13
118 98 8
37 141 16
534 131 9
173 162 9
58 109 3
926 651 9
388 866 3
313 752 2
274 916 15
259 227 15
864 697 5
872 735 6
648 269 9
829 794 12
210 205 13
13 131 17
322 519 3
794 832 7
868 106 4
424 717 3
51 933 1
777 805 8
995 805 9
345 986 4
857 197 9
182 562 3
159 237 11
355 31 15
654 900 13
518 676 10
962 727 3
455 856 3
683 852 17
884 197 15
528 406 4
729 588 7
61 100 4
912 455 7
947 109 19
792 980 15
354 294 15
849 101 11
149 136 15
958 20 12
754 901 10
98 630 11
357 692 11
853 956 18
733 904 19
512 48 19
320 403 5
855 252 6
598 754 2
194 712 3
338 818 16
889 269 6
380 626 10
323 832 7
721 565 3
580 77 11
772 749 14
609 956 19
196 555 13
270 101 17
365 791 8
361 32 17
988 764 15
658 87 19
285 160 4
168 741 14
452 865 3
786 474 3
77 22 7
770 293 3
880 658 11
808 20 16
357 360 3
884 18 3
244 656 3
168 176 13
874 628 18
978 767 5
390 844 7
357 967 3
777 847 19
340 7 11
936 716 11
297 600 9
97 196 17
409 717 14
463 591 2
381 921 1
126 311 18
894 668 5
954 797 4
25 490 3
116 426 19
567 75 11
389 524 3
866 934 17
872 397 3
507 130 2
908 609 5
506 503 6
71 809 3
187 187 13
310 655 12
501 223 19
293 964 16
633 830 10
42 703 19
42 210 1
316 470 10
902 977 5
508 400 7
911 940 14
157 250 9
181 752 4
632 397 8
608 382 19
870 424 14
529 466 16
671 135 6
773 37 15
379 545 16
146 808 16
452 317 18
413 498 2
598 483 19
746 91 1
77 962 5
463 843 4
59 866 19
478 640 16
873 371 13
21 517 1
109 321 19
448 734 9
890 332 12
82 431 16
303 860 18
301 324 1
765 735 8
716 213 3
352 439 11
885 460 3
578 922 1
589 370 15
99 612 3
443 694 3
879 350 15
629 651 11
223 416 7
683 132 12
783 836 3
606 73 4
946 3 6
607 593 8
354 692 12
786 487 7
1 367 17
77 348 8
828 571 16
667 254 3
720 37 8
915 643 13
571 941 16
149 548 9
97 255 13
10 393 1
969 395 3
278 824 3
886 652 12
614 320 6
826 392 16
874 307 11
347 879 13
175 28 13
597 478 8
710 840 14
663 161 9
335 439 13
356 677 17
948 291 9
146 117 1
382 343 1
614 42 12
139 217 12
212 166 10
893 877 2
967 892 3
788 580 14
433 288 11
730 588 14
700 734 3
413 469 6
786 435 3
38 574 10
671 786 16
133 679 5
436 998 18
251 786 10
506 219 18
789 302 18
364 354 12
407 119 13
146 906 8
926 944 14
276 967 1
793 101 12
538 889 11
528 492 17
450 998 9
308 140 3
458 504 17
991 263 8
696 409 14
837 688 19
551 316 6
52 109 19
937 0 8
468 880 13
137 331 3
26 991 3
921 450 7
818 793 11
187 841 12
813 678 3
384 230 17
923 634 18
562 571 10
443 391 3
816 529 14
539 907 17
403 829 19
122 999 4
105 538 6
498 352 4
930 736 6
679 659 1
890 574 12
100 369 4
543 185 5
669 76 12
139 831 1
58 954 1
123 411 19
381 909 3
965 192 12
132 871 11
933 761 17
657 214 6
773 757 3
418 779 12
323 918 3
704 976 9
437 451 1
709 832 2
684 798 14
396 282 18
120 567 19
417 576 13
436 350 3
991 120 2
623 795 12
87 852 8
208 289 12
741 350 4
184 35 14
170 431 16
28 903 15
0 321 12
185 109 14
128 100 6
202 724 2
194 163 14
515 723 15
287 465 6
891 1 13
646 171 16
34 552 3
342 552 13
874 737 2
460 866 14
166 420 18
20 615 13
374 130 17
722 417 14
68 660 15
153 658 6
669 693 18
89 387 10
534 613 3
736 73 18
743 591 18
473 612 13
367 338 3
336 412 12
770 832 13
205 985 11
163 655 16
322 96 3
384 631 8
184 719 1
202 462 5
641 936 9
46 655 19
582 991 12
534 113 4
499 318 10
123 481 17
439 155 13
495 892 16
163 76 16
257 631 10
942 624 18
591 22 13
930 604 16
682 491 9
619 990 19
189 465 13
766 905 8
791 752 3
448 267 9
824 524 12
366 466 16
845 409 18
978 692 15
807 726 6
396 345 8
8 886 14
101 652 11
349 796 3
842 244 10
411 420 7
963 786 5
491 631 15
41 962 19
196 769 5
842 517 3
637 626 14
700 328 10
515 522 14
597 933 6
204 248 12
630 91 16
817 132 18
696 329 19
653 523 16
956 58 2
146 47 3
340 747 3
330 262 2
916 860 7
922 416 7
66 46 18
842 215 11
932 911 12
791 917 7
520 873 6
774 19 13
654 711 1
215 393 15
649 309 7
17 583 4
984 2 2
43 196 18
586 129 1
810 272 18
557 792 12
363 918 3
569 573 7
522 140 3